.Random.seed <-
c(403L, 10L, -466466100L, -2142943198L, 15630973L, 1942005623L, 
-560170850L, 1901086552L, -303041861L, -743113639L, -1819129880L, 
982381078L, 1274852753L, -431354301L, -1300791982L, -822140444L, 
449019943L, -1734112131L, 283750772L, 29130074L, -1078781019L, 
1522871231L, -1136314298L, -207309104L, -297164557L, 1220941329L, 
1155240000L, 1363137566L, 837026537L, -2123114469L, -1168814038L, 
-834423988L, -933904113L, -92253115L, 252089852L, 1689908306L, 
-607644211L, 189179783L, -1275612562L, -679730616L, 699847755L, 
1536230825L, 7977208L, -1810318298L, 229375297L, 1313974995L, 
-342322558L, 907049140L, 1307834423L, -193787091L, -1583562684L, 
-1502442134L, -218670635L, 16641903L, -1488423306L, -1979827808L, 
-629309853L, 1081272065L, -1140509072L, -1457270258L, 1626954361L, 
1880098315L, -932710598L, 1408871996L, -753822337L, -354421035L, 
-972278036L, -1105237950L, 1035603869L, -2026029545L, -1349721218L, 
11260216L, 1430879771L, 1692229497L, 357124552L, -1528564234L, 
-292849615L, 421081699L, 1942294066L, 148847492L, -40052281L, 
-439324515L, 1087031316L, 402144954L, 821825285L, -898401057L, 
-932115098L, 1917659376L, 1379691539L, 1089855921L, 960134240L, 
424483326L, 727793033L, 1784576699L, -1313388918L, 1394020716L, 
681051887L, -495943387L, -417857572L, -1848783438L, 1093237933L, 
746413159L, -1950432370L, 1444103272L, 1474797675L, -723285495L, 
-1057860456L, -1453119546L, 1274526497L, -346990669L, 192872226L, 
1390252308L, -2117967465L, 491782541L, -1368299356L, -1995652470L, 
-1686439691L, 1026961231L, 411932758L, 539214592L, 1528567363L, 
-695726623L, -1904953008L, -680964178L, -385030823L, -1569701013L, 
-2031205670L, 2093609884L, -1825337441L, 1242977781L, -831637364L, 
1331509602L, 1473770813L, -1372138057L, 1609106014L, 970269592L, 
1767213819L, 256180889L, 539609896L, -2050582058L, -106166703L, 
1248077059L, 456407186L, -1569001948L, -147140377L, -1453193923L, 
1228235188L, -1708646886L, -1040474779L, 178906111L, 383484550L, 
-1778793968L, 1111521459L, 1510986577L, -1213104384L, -426594850L, 
-525216215L, -486138405L, -1298144534L, -445984628L, 1450852303L, 
1700468613L, -702876612L, -950160110L, 2073870861L, 912382279L, 
-271488210L, -712399224L, 1318473611L, -672891031L, -421613256L, 
1786473446L, 43867009L, -594300141L, -651002686L, 1923192692L, 
-1495803017L, -903922579L, -941649148L, 382093866L, 1091069845L, 
-1772123089L, 1196082486L, 923225440L, -1504736349L, 1395903681L, 
303942832L, 1508944846L, -299077831L, -827994293L, -26419974L, 
1956914684L, 227989055L, -185922795L, 536152108L, 718289154L, 
1992569309L, -766521129L, -1606714434L, -206926344L, 1571486171L, 
-1584506823L, 1977483656L, 964914486L, 1610528625L, 2124875171L, 
-1452099342L, 1445839940L, -509763833L, -75723043L, -1279938604L, 
-72524038L, -1716592059L, 458617503L, 1710923814L, 1864524976L, 
496723283L, -1256611727L, 897801632L, -410070722L, 2013257801L, 
-1675279109L, -1510003510L, 1598288428L, 1407755823L, -932550939L, 
-1252775012L, -145777166L, 115525741L, 1288954512L, -1506834708L, 
-416275884L, 1929264786L, 21108000L, 1912536524L, 287289056L, 
-1419223870L, 401968168L, 1277707180L, -1935948100L, -164644878L, 
1860919856L, -1169818716L, -750963272L, -1071286438L, -266463088L, 
1064748924L, 1800099092L, 2140205378L, 2039594240L, -1290960452L, 
570215760L, 2130721058L, -190889400L, 121129996L, -1238171044L, 
-2064386606L, 1956462080L, -1577504428L, 575673576L, -1885980422L, 
-2059935024L, 2028343084L, 1457482996L, 266159506L, 396040544L, 
-1927722996L, -2090735392L, 1795745378L, -957960024L, -311089076L, 
-183470212L, 523734322L, 1948614256L, 1191634756L, -1042936872L, 
-257175686L, 527488048L, -1789747268L, 1334188628L, 446677058L, 
1920128672L, -1760630084L, 400078800L, 1475598690L, 1140947688L, 
-178326324L, -1476392452L, 2055807474L, 2060116096L, 393551348L, 
931936904L, -386369734L, 1647290704L, -1568675732L, -79411820L, 
-647529390L, 1399701984L, 1242767564L, -535369056L, 936960386L, 
-922331928L, -1462224148L, 1392566588L, 384015474L, -563544464L, 
98895396L, 787484728L, -1066642150L, -1294298928L, 959380796L, 
-2070225004L, -689510526L, 158834624L, 801533500L, -1965502064L, 
350553122L, -219053816L, 641864844L, -1572404452L, 177356946L, 
874008960L, 244034580L, -670406872L, -591352262L, 713425360L, 
-2024435348L, -373919820L, 569959954L, 196424672L, 612767180L, 
-424368928L, -1190152158L, 790740776L, -2048965108L, -1755014340L, 
-536994830L, -235531536L, 1565270596L, 1239250520L, 1462574906L, 
1745763312L, -1542058308L, 91753748L, 1355428034L, -2121710496L, 
2017939836L, -1268695088L, -1194776286L, 1790402216L, -251657332L, 
1465246908L, -237689038L, 436474432L, 1621060788L, 1017201736L, 
1189749178L, 2064035344L, 1584310508L, -119373484L, -115564782L, 
-72575584L, 1362340556L, -1900804512L, 979124162L, -208684248L, 
-346171988L, 555538748L, 611592050L, -144819920L, -688656604L, 
1777380664L, -2130335014L, -1629468784L, -1523567876L, 1970966420L, 
1544050754L, -568599296L, -191794116L, -754002608L, 382871714L, 
557373256L, -140161268L, 2058234588L, -675890350L, 2078540416L, 
-45316012L, -1386048536L, 268650234L, 172618064L, -1358714068L, 
-1682886796L, 1882336146L, 834313824L, -284082292L, -748338336L, 
-1782800414L, 986439592L, 1375724748L, -402641412L, -331652174L, 
1515385328L, 472756676L, 1967030616L, -1864833670L, 804331952L, 
490516412L, -1557618604L, -221387838L, -157426656L, 931462332L, 
1948164688L, 1870702562L, -1470763416L, 1305901644L, 1512014076L, 
-1780494350L, 336631040L, 718524276L, -202780664L, -756757062L, 
-929413680L, 1687436268L, -867766380L, -1103010862L, 13784928L, 
-650310324L, -1993507552L, -1258732670L, -1269693720L, 715605228L, 
-719744452L, 161657714L, 1624705648L, 808116260L, 207892280L, 
-644541286L, 110115536L, -1421629252L, 679777940L, 814730882L, 
-769749824L, 478404924L, -717236080L, -980102622L, -1360122360L, 
-26425076L, -1550927204L, -1180158446L, 1223968128L, 771008020L, 
-1968349656L, -83577542L, 1211918288L, -1134648724L, -482177228L, 
1404397989L, 440605762L, -1761648080L, -2107037095L, 1434319819L, 
-1916203972L, 439988842L, 1273049247L, 373766441L, -244576834L, 
-1241629524L, 827001341L, 116625735L, 813845040L, -1306694834L, 
1402556283L, -157599523L, -34230006L, 98919464L, -845072239L, 
950643843L, 1313447300L, 48855986L, -813275897L, -2098610351L, 
-1156903210L, -1201432652L, 2046269381L, 593250063L, 718484872L, 
1587658918L, 1059221587L, -128935499L, -915910894L, 703902944L, 
-16975543L, 1575240571L, 767065676L, -1940418598L, -1425486385L, 
-774014055L, 1528409006L, -2012950340L, -605017811L, 59022039L, 
-135675104L, -462613378L, 1052424779L, 200263757L, 939722362L, 
1410576056L, -1502958495L, 520986131L, 1616319540L, 1370823234L, 
-1412624809L, 1942218145L, 74384998L, -928012700L, -340540011L, 
161044159L, -1628139944L, 798882422L, 536000131L, 1261578949L, 
1418901474L, -857931184L, 373860217L, 963419307L, -2130439140L, 
-2129140918L, -336624833L, -1926582903L, 735974814L, 1753205836L, 
-2005058019L, -1699179609L, -2101389616L, 1931159662L, 1189781275L, 
-1896963971L, -321483158L, -555823352L, 1109094321L, 324569123L, 
-989759196L, -1169347118L, -1883115993L, -368191375L, -748851530L, 
-318266796L, -1281147163L, 946461423L, -1846323672L, -1097375098L, 
796753075L, 554869269L, 1749025906L, -541728576L, -966355671L, 
19188635L, -1519149972L, -1098473350L, 1323600303L, 875790521L, 
113226446L, -495644644L, 684434317L, -653877769L, -894930688L, 
1459740510L, -1704261589L, 22964013L, 1005595546L, 98388312L, 
-1529279295L, -744866957L, -1754507116L, -1873044190L, 1106074679L, 
621245697L, 1174091782L, 1648004676L, 1967314805L, 1432546015L, 
-1323043272L, 1948182038L, -1057793501L, 685667813L, -2068935678L, 
-206295440L, 174537753L, -1840136693L, -291128068L, -1396616918L, 
-2013583521L, -2013780247L, 1188578814L, 19601900L, -549232323L, 
-737119993L, 1214955760L, 2051792014L, 463165115L, -752884067L, 
769008202L, 803192936L, -1905512367L, -1679580349L, 154158660L, 
